233168
4613732
06857
906609
232792560
25164150
104743
40824
31875000
142913828922
70600674
76576500
5537376230
837799
137846528820
01366
21124
01074
00171
00648
31626
871198282
4179871
2783915460
04782
00983
-59231
669171001
09183
443839
73682
45228
00100
40730
00055
872187
748317
932718654
00840
00210
7652413
00162
16695334890
5482660
1533776805
05777
134043
9110846700
296962999629
997651
121313
142857
04075
00376
00249
00972
00153
26241
107359
26033
28684
127035954683
00049
01322
00272
00661
07273
6531031914842720
510510
8319823
428570
303963552391
7295372
00402
161667
190569291
00071
55374
73162890
40886
427337
260324
425185
101524
02772
01818
1097343
7587457
00743
01217
14234
8581146
01258
518408346
14316
24702
8739992577
18769
00709
756872327473
37076114526
00228
20313839404245
329468
73702
21384
259679
180180
38182
9350130049860600
612407567715
1587000
51161058134250
16475640049
00168
20492570929
100808458960497
44680
248155780267521
333082500
02269
01582
21035
21417
2906969179
18522
18407904
14516824220
1000023
149253
00173
843296
453647705
18613426663617100
04989
2544559
1120149658760
1118049290473930
10057761
5673835352990
878454337159
1006193
30758397
00354
608720
676333270
846910284
2129970655314430
52852124
-271248680
00000
00301
17971254122360600
479742450
3857447
21295121502550
53490
409511334375
14489159
16576
20574308184277900
3D58725572C62302
343047
378158756814587
2868868
7130034
3916160068885
59206
178653872807
9857164023
142989277
227485267000992000
1572729
209566
1,13717420,8
96818198400000
129325
126461847755
986262
285196020571078000
83735848679360600
399788195976
48861552
1725323624056
4640261571849530
2325629
17427258
95962097
10834893628237800
371048281
1918080160
57060635927998300
684465067343069
61190912
75085391
322303240771079000
00002
52374425
00000
229161792008
115039000
1209002624
34029210557338
2944730
00001
1389019170
44043947822
331951449665644000
15964587728784
1598174770174680000
1922364685
328968937309
00331
1677366278943
806844323190414
5437849
6273134
00000
64564225042
139776963904
1884161251122450
1590933
61614848
4137330
02009
00000
03781
86226
11325263
850481152593119000
7526965179680
00001
271204031455541000
1259187438574920000
00001
123/59
15836928
9922545104535660
00000
7448717393364180000
482316491800641000
997104142249036000
892371480
96356848
288084712410001
810834388
782252
23507044290
9275262564250410
1425480602091510
18946051
104924
00011
8184523820510
00004
85765680
139012411
12747994
20101196798
167542057
238890850232021
02531
2039506520
2816417
209110240768
1096883702440580
00001
785478606870985
1311109198529280
82282080
4617456485273120000
8495585919506150000
2032447591196860000
1601912348822
15030564
5777137137739630000
1125977393124310
1228215747273900000
416577688
00430
1485776387445620
1098988351
28038042525570300
5a411d7b
157056
00053
313135496
605857431263981000
6567944538
20444710234716400
4037526
3600060866
02209
789184709
4884650818
1137208419
2252639041804710000
00002
549936643
00008
2178309
1170060
1111981904675160
283988410192
18174995535140
852938
00001
1539669807660920
210139
2586528661783
2466018557
324681947
2057774861813000
00133
13625242
542934735751917000
1856533
709313889
268457129
278157919195482000
2470433131948040
999998760323313000
00006
96972774
54672965
1966666166408790000
34315549139516
260511850222
199740353/29386561536000
15955822
467178235146843000
02718
3053105
150320021261690000
5032316
CAGBIHEFJDK
85068035
15614292
19824
291504964
56098610614277000
5943040885644
269533451410884000
65579304332
13938
336108797689259000
11109800204052
1004195061
115384615384614000
84664213
11762187201804500
378563
00001
58065134
1726545007
28010159
1739023853137
3284144505
40632119
878825614395267000
178476944
457895958010
00000
44855254
162619462356610000
88351299
48271207
00254
862400558448
41791929448408
00041
301450082318807000
727227472448913
334420941
7435327983715280000
973059630185670
732385277
147534623725724000
132314136838185
6.3202e25093
139602943319822
697003956
22173624649806
3354706415856330000
3776957309612150000
528755790
696067597313468
831907372805129000
2406376
2919133642971
61029882288
00003
112398351350823000
00003
00028
173214653
141630459461893000
02011
1508395636674243,6.5e27330467
438505383468410000
281632621
356019862
18224771
1199215615081350
237696125
36813
39782849136421
299742733
253223948
799999783589946000
9936352
38788800
3079418648040710
552506775824935000
55859742
898082747
446572970925740
1177163565297340000
998567458104624000000000000
145159332
2304215802083460000
92060460
653972374
1059760019628
46479497324
31591886008
97138867
747215561862
98792821
5000624921
00023
754862080
326624372659664
863253606
252541322550
00001
74204709657207



5000089
1295552661530920000
2744233049300770
1.2009E+263



106467648
00103

153651073760956
345558983

5435004633092
450186511399999
333333208685971000
2647787126797390000


00018
159820276

808981553





00001



35856681704365